sub Sequence_0 #walk and look left and right
	41 0 6000 6000 6000 6380 5600 
	5416 5360 6000 4418 6434 5891 
	6400 4887 6000 5886 5876 6512 
	
	0 0 0 0 0 0 frame_0..23 # frame 0

	41 0 6000 5988 6000 6374 5594 
	5416 5360 6000 4418 6434 5891 
	6400 4887 6000 5886 5876 6512 
	frame_0..17 # frame  1

	41 0 6000 5958 6000 6360 5580 
	5416 5360 6000 4418 6434 5891 
	6400 4887 6000 5886 5876 6512 
	frame_0..17 # frame  2

	41 0 6000 5913 6000 6339 5559 
	5416 5360 6000 4418 6434 5891 
	6400 4887 6000 5886 5876 6512 
	frame_0..17 # frame  3

	41 0 6000 5859 6000 6314 5534 
	5416 5360 6000 4418 6434 5891 
	6400 4887 6000 5886 5876 6512 
	frame_0..17 # frame  4

	41 0 6000 5800 6000 6287 5507 
	5416 5360 6000 4418 6434 5891 
	6400 4887 6000 5886 5876 6512 
	frame_0..17 # frame  5

	41 0 6000 5740 6000 6259 5479 
	5416 5360 6000 4418 6434 5891 
	6400 4887 6000 5886 5876 6512 
	frame_0..17 # frame  6

	41 0 6000 5686 6000 6234 5454 
	5416 5360 6000 4418 6434 5891 
	6400 4887 6000 5886 5876 6512 
	frame_0..17 # frame  7

	41 0 6000 5641 6000 6213 5433 
	5416 5360 6000 4418 6434 5891 
	6400 4887 6000 5886 5876 6512 
	frame_0..17 # frame  8

	41 0 6000 5611 6000 6199 5419 
	5416 5360 6000 4418 6434 5891 
	6400 4887 6000 5886 5876 6512 
	frame_0..17 # frame  9

	41 0 6000 5600 6000 6194 5414 
	5416 5360 6000 4418 6434 5891 
	6400 4887 6000 5886 5876 6512 
	frame_0..17 # frame  10

	41 0 6000 5600 6000 6204 5424 
	5416 5360 6000 4418 6434 5891 
	6400 4930 6000 5886 5876 6512 
	frame_0..17 # frame  11

	41 0 6000 5600 6000 6232 5452 
	5416 5360 6000 4418 6434 5891 
	6400 5049 6000 5886 5876 6512 
	frame_0..17 # frame  12

	41 0 6000 5600 6000 6274 5494 
	5416 5360 6000 4418 6434 5891 
	6400 5225 6000 5886 5876 6512 
	frame_0..17 # frame  13

	41 0 6000 5600 6000 6325 5545 
	5416 5360 6000 4418 6434 5891 
	6400 5438 6000 5886 5876 6512 
	frame_0..17 # frame  14

	41 0 6000 5600 6000 6380 5600 
	5416 5360 6000 4418 6434 5891 
	6400 5670 6000 5886 5876 6512 
	frame_0..17 # frame  15

	41 0 6000 5600 6000 6434 5654 
	5416 5360 6000 4418 6434 5891 
	6400 5901 6000 5886 5876 6512 
	frame_0..17 # frame  16

	41 0 6000 5600 6000 6485 5705 
	5416 5360 6000 4418 6434 5891 
	6400 6114 6000 5886 5876 6512 
	frame_0..17 # frame  17

	41 0 6000 5600 6000 6527 5747 
	5416 5360 6000 4418 6434 5891 
	6400 6290 6000 5886 5876 6512 
	frame_0..17 # frame  18

	41 0 6000 5600 6000 6555 5775 
	5416 5360 6000 4418 6434 5891 
	6400 6409 6000 5886 5876 6512 
	frame_0..17 # frame  19

	41 0 6000 5600 6000 6565 5785 
	5416 5360 6000 4418 6434 5891 
	6400 6453 6000 5886 5876 6512 
	frame_0..17 # frame  20

	41 0 6000 5600 6000 6555 5775 
	5416 5360 6000 4418 6434 5891 
	6400 6409 6000 5886 5876 6512 
	frame_0..17 # frame  21

	41 0 6000 5600 6000 6527 5747 
	5416 5360 6000 4418 6434 5891 
	6400 6290 6000 5886 5876 6512 
	frame_0..17 # frame  22

	41 0 6000 5600 6000 6485 5705 
	5416 5360 6000 4418 6434 5891 
	6400 6114 6000 5886 5876 6512 
	frame_0..17 # frame  23

	41 0 6000 5600 6000 6434 5654 
	5416 5360 6000 4418 6434 5891 
	6400 5901 6000 5886 5876 6512 
	frame_0..17 # frame  24

	41 0 6000 5600 6000 6380 5600 
	5416 5360 6000 4418 6434 5891 
	6400 5670 6000 5886 5876 6512 
	frame_0..17 # frame  25

	41 0 6000 5600 6000 6325 5545 
	5416 5360 6000 4418 6434 5891 
	6400 5438 6000 5886 5876 6512 
	frame_0..17 # frame  26

	41 0 6000 5600 6000 6274 5494 
	5416 5360 6000 4418 6434 5891 
	6400 5225 6000 5886 5876 6512 
	frame_0..17 # frame  27

	41 0 6000 5600 6000 6232 5452 
	5416 5360 6000 4418 6434 5891 
	6400 5049 6000 5886 5876 6512 
	frame_0..17 # frame  28

	41 0 6000 5600 6000 6204 5424 
	5416 5360 6000 4418 6434 5891 
	6400 4930 6000 5886 5876 6512 
	frame_0..17 # frame  29

	41 0 6000 5600 6000 6194 5414 
	5416 5360 6000 4418 6434 5891 
	6400 4887 6000 5886 5876 6512 
	frame_0..17 # frame  30

	41 0 6000 5600 6000 6204 5424 
	5416 5360 6000 4418 6434 5923 
	6400 4887 6000 5886 5876 6512 
	frame_0..17 # frame  31

	41 0 6000 5600 6000 6232 5452 
	5416 5360 6000 4418 6434 6010 
	6400 4887 6000 5886 5876 6512 
	frame_0..17 # frame  32

	41 0 6000 5600 6000 6274 5494 
	5416 5360 6000 4418 6434 6139 
	6400 4887 6000 5886 5876 6512 
	frame_0..17 # frame  33

	41 0 6000 5600 6000 6325 5545 
	5416 5360 6000 4418 6434 6295 
	6400 4887 6000 5886 5876 6512 
	frame_0..17 # frame  34

	41 0 6000 5600 6000 6380 5600 
	5416 5360 6000 4418 6434 6465 
	6400 4887 6000 5886 5876 6512 
	frame_0..17 # frame  35

	41 0 6000 5600 6000 6434 5654 
	5416 5360 6000 4418 6434 6635 
	6400 4887 6000 5886 5876 6512 
	frame_0..17 # frame  36

	41 0 6000 5600 6000 6485 5705 
	5416 5360 6000 4418 6434 6792 
	6400 4887 6000 5886 5876 6512 
	frame_0..17 # frame  37

	41 0 6000 5600 6000 6527 5747 
	5416 5360 6000 4418 6434 6920 
	6400 4887 6000 5886 5876 6512 
	frame_0..17 # frame  38

	41 0 6000 5600 6000 6555 5775 
	5416 5360 6000 4418 6434 7008 
	6400 4887 6000 5886 5876 6512 
	frame_0..17 # frame  39

	41 0 6000 5600 6000 6565 5785 
	5416 5360 6000 4418 6434 7040 
	6400 4887 6000 5886 5876 6512 
	frame_0..17 # frame  40

	41 0 6000 5600 6000 6555 5775 
	5416 5360 6000 4418 6434 7034 
	6400 4887 6000 5886 5876 6512 
	frame_0..17 # frame  41

	41 0 6000 5600 6000 6527 5747 
	5416 5360 6000 4418 6434 7018 
	6400 4887 6000 5886 5876 6512 
	frame_0..17 # frame  42

	41 0 6000 5600 6000 6485 5705 
	5416 5360 6000 4418 6434 6993 
	6400 4887 6000 5886 5876 6512 
	frame_0..17 # frame  43

	41 0 6000 5600 6000 6434 5654 
	5416 5360 6000 4418 6434 6960 
	6400 4887 6000 5886 5876 6512 
	frame_0..17 # frame  44

	41 0 6000 5600 6000 6380 5600 
	5416 5360 6000 4418 6434 6920 
	6400 4887 6000 5886 5876 6512 
	frame_0..17 # frame  45

	41 0 6000 5600 6000 6325 5545 
	5416 5360 6000 4418 6434 6874 
	6400 4887 6000 5886 5876 6512 
	frame_0..17 # frame  46

	41 0 6000 5600 6000 6274 5494 
	5416 5360 6000 4418 6434 6824 
	6400 4887 6000 5886 5876 6512 
	frame_0..17 # frame  47

	41 0 6000 5600 6000 6232 5452 
	5416 5360 6000 4418 6434 6770 
	6400 4887 6000 5886 5876 6512 
	frame_0..17 # frame  48

	41 0 6000 5600 6000 6204 5424 
	5416 5360 6000 4418 6434 6714 
	6400 4887 6000 5886 5876 6512 
	frame_0..17 # frame  49

	41 0 6000 5600 6000 6194 5414 
	5416 5360 6000 4418 6434 6657 
	6400 4887 6000 5886 5876 6512 
	frame_0..17 # frame  50

	41 0 6000 5600 6000 6204 5424 
	5416 5360 6000 4418 6434 6597 
	6400 4887 6000 5886 5876 6512 
	frame_0..17 # frame  51

	41 0 6000 5600 6000 6232 5452 
	5416 5360 6000 4418 6434 6534 
	6400 4887 6000 5886 5876 6512 
	frame_0..17 # frame  52

	41 0 6000 5600 6000 6274 5494 
	5416 5360 6000 4418 6434 6467 
	6400 4887 6000 5886 5876 6512 
	frame_0..17 # frame  53

	41 0 6000 5600 6000 6325 5545 
	5416 5360 6000 4418 6434 6396 
	6400 4887 6000 5886 5876 6512 
	frame_0..17 # frame  54

	41 0 6000 5600 6000 6380 5600 
	5416 5360 6000 4418 6434 6321 
	6400 4887 6000 5886 5876 6512 
	frame_0..17 # frame  55

	41 0 6000 5600 6000 6434 5654 
	5416 5360 6000 4418 6434 6243 
	6400 4887 6000 5886 5876 6512 
	frame_0..17 # frame  56

	41 0 6000 5600 6000 6485 5705 
	5416 5360 6000 4418 6434 6161 
	6400 4887 6000 5886 5876 6512 
	frame_0..17 # frame  57

	41 0 6000 5600 6000 6527 5747 
	5416 5360 6000 4418 6434 6074 
	6400 4887 6000 5886 5876 6512 
	frame_0..17 # frame  58

	41 0 6000 5600 6000 6555 5775 
	5416 5360 6000 4418 6434 5984 
	6400 4887 6000 5886 5876 6512 
	frame_0..17 # frame  59

	41 0 6000 5600 6000 6565 5785 
	5416 5360 6000 4418 6434 5891 
	6400 4887 6000 5886 5876 6512 
	frame_0..17 # frame  60

	41 0 6000 5600 6000 6555 5775 
	5416 5360 6000 4418 6434 5783 
	6400 4930 6000 5930 5876 6512 
	frame_0..17 # frame  61

	41 0 6000 5600 6000 6527 5747 
	5416 5360 6000 4418 6434 5653 
	6400 5049 6000 5984 5876 6512 
	frame_0..17 # frame  62

	41 0 6000 5600 6000 6485 5705 
	5416 5360 6000 4418 6434 5509 
	6400 5225 6000 6044 5876 6512 
	frame_0..17 # frame  63

	41 0 6000 5600 6000 6434 5654 
	5416 5360 6000 4418 6434 5358 
	6400 5438 6000 6107 5876 6512 
	frame_0..17 # frame  64

	41 0 6000 5600 6000 6380 5600 
	5416 5360 6000 4418 6434 5209 
	6400 5669 6000 6169 5876 6512 
	frame_0..17 # frame  65

	41 0 6000 5600 6000 6325 5545 
	5416 5360 6000 4418 6434 5069 
	6400 5901 6000 6227 5876 6512 
	frame_0..17 # frame  66

	41 0 6000 5600 6000 6274 5494 
	5416 5360 6000 4418 6434 4947 
	6400 6114 6000 6278 5876 6512 
	frame_0..17 # frame  67

	41 0 6000 5600 6000 6232 5452 
	5416 5360 6000 4418 6434 4850 
	6400 6290 6000 6318 5876 6512 
	frame_0..17 # frame  68

	41 0 6000 5600 6000 6204 5424 
	5416 5360 6000 4418 6434 4786 
	6400 6409 6000 6345 5876 6512 
	frame_0..17 # frame  69

	41 0 6000 5600 6000 6194 5414 
	5416 5360 6000 4418 6434 4763 
	6400 6453 6000 6355 5876 6512 
	frame_0..17 # frame  70

	41 0 6000 5600 6000 6204 5424 
	5416 5360 6000 4418 6434 4773 
	6400 6383 6000 6350 5876 6512 
	frame_0..17 # frame  71

	41 0 6000 5600 6000 6232 5452 
	5416 5360 6000 4418 6434 4802 
	6400 6214 6000 6338 5876 6512 
	frame_0..17 # frame  72

	41 0 6000 5600 6000 6274 5494 
	5416 5360 6000 4418 6434 4844 
	6400 6006 6000 6321 5876 6512 
	frame_0..17 # frame  73

	41 0 6000 5600 6000 6325 5545 
	5416 5360 6000 4418 6434 4895 
	6400 5819 6000 6299 5876 6512 
	frame_0..17 # frame  74

	41 0 6000 5600 6000 6380 5600 
	5416 5360 6000 4418 6434 4951 
	6400 5641 6000 6276 5876 6512 
	frame_0..17 # frame  75

	41 0 6000 5600 6000 6434 5654 
	5416 5360 6000 4418 6434 5006 
	6400 5438 6000 6253 5876 6512 
	frame_0..17 # frame  76

	41 0 6000 5600 6000 6485 5705 
	5416 5360 6000 4418 6434 5057 
	6400 5235 6000 6232 5876 6512 
	frame_0..17 # frame  77

	41 0 6000 5600 6000 6527 5747 
	5416 5360 6000 4418 6434 5099 
	6400 5059 6000 6214 5876 6512 
	frame_0..17 # frame  78

	41 0 6000 5600 6000 6555 5775 
	5416 5360 6000 4418 6434 5128 
	6400 4934 6000 6203 5876 6512 
	frame_0..17 # frame  79

	41 0 6000 5600 6000 6565 5785 
	5416 5360 6000 4418 6434 5139 
	6400 4887 6000 6198 5876 6512 
	frame_0..17 # frame  80

	41 0 6000 5600 6000 6555 5775 
	5416 5360 6000 4418 6434 5139 
	6400 4887 6000 6198 5876 6512 
	frame_0..17 # frame  81

	41 0 6000 5600 6000 6527 5747 
	5416 5360 6000 4418 6434 5139 
	6400 4887 6000 6198 5876 6512 
	frame_0..17 # frame  82

	41 0 6000 5600 6000 6485 5705 
	5416 5360 6000 4418 6434 5139 
	6400 4887 6000 6198 5876 6512 
	frame_0..17 # frame  83

	41 0 6000 5600 6000 6434 5654 
	5416 5360 6000 4418 6434 5139 
	6400 4887 6000 6198 5876 6512 
	frame_0..17 # frame  84

	41 0 6000 5600 6000 6380 5600 
	5416 5360 6000 4418 6434 5139 
	6400 4887 6000 6198 5876 6512 
	frame_0..17 # frame  85

	41 0 6000 5600 6000 6325 5545 
	5416 5360 6000 4418 6434 5139 
	6400 4887 6000 6198 5876 6512 
	frame_0..17 # frame  86

	41 0 6000 5600 6000 6274 5494 
	5416 5360 6000 4418 6434 5139 
	6400 4887 6000 6198 5876 6512 
	frame_0..17 # frame  87

	41 0 6000 5600 6000 6232 5452 
	5416 5360 6000 4418 6434 5139 
	6400 4887 6000 6198 5876 6512 
	frame_0..17 # frame  88

	41 0 6000 5600 6000 6204 5424 
	5416 5360 6000 4418 6434 5139 
	6400 4887 6000 6198 5876 6512 
	frame_0..17 # frame  89

	41 0 6000 5600 6000 6194 5414 
	5416 5360 6000 4418 6434 5139 
	6400 4887 6000 6198 5876 6512 
	frame_0..17 # frame  90

	41 0 6000 5611 6000 6199 5419 
	5416 5360 6000 4418 6434 5160 
	6400 4887 6000 6189 5876 6512 
	frame_0..17 # frame  91

	41 0 6000 5641 6000 6213 5433 
	5416 5360 6000 4418 6434 5217 
	6400 4887 6000 6166 5876 6512 
	frame_0..17 # frame  92

	41 0 6000 5686 6000 6234 5454 
	5416 5360 6000 4418 6434 5301 
	6400 4887 6000 6131 5876 6512 
	frame_0..17 # frame  93

	41 0 6000 5740 6000 6259 5479 
	5416 5360 6000 4418 6434 5403 
	6400 4887 6000 6088 5876 6512 
	frame_0..17 # frame  94

	41 0 6000 5800 6000 6287 5507 
	5416 5360 6000 4418 6434 5515 
	6400 4887 6000 6042 5876 6512 
	frame_0..17 # frame  95

	41 0 6000 5859 6000 6314 5534 
	5416 5360 6000 4418 6434 5626 
	6400 4887 6000 5996 5876 6512 
	frame_0..17 # frame  96

	41 0 6000 5913 6000 6339 5559 
	5416 5360 6000 4418 6434 5728 
	6400 4887 6000 5953 5876 6512 
	frame_0..17 # frame  97

	41 0 6000 5958 6000 6360 5580 
	5416 5360 6000 4418 6434 5812 
	6400 4887 6000 5918 5876 6512 
	frame_0..17 # frame  98

	41 0 6000 5988 6000 6374 5594 
	5416 5360 6000 4418 6434 5869 
	6400 4887 6000 5894 5876 6512 
	frame_0..17 # frame  99

	41 0 6000 6000 6000 6380 5600 
	5416 5360 6000 4418 6434 5891 
	6400 4887 6000 5886 5876 6512 
	frame_0..17 # frame  100
return

sub Sequence_1 #wake up
	41 0 6000 5600 6000 6380 5600 
	5427 5403 6000 4418 6434 5891 
	6400 4930 6000 5886 5788 6512 
	
	0 0 0 0 0 0 frame_0..23 # frame 0

	41 0 6000 5600 6000 6380 5600 
	5459 5522 6000 4418 6434 5891 
	6400 5049 6000 5886 5788 6512 
	frame_0..17 # frame  1

	41 0 6000 5600 6000 6380 5600 
	5508 5696 6000 4418 6434 5891 
	6400 5225 6000 5886 5788 6512 
	frame_0..17 # frame  2

	41 0 6000 5600 6000 6380 5600 
	5569 5909 6000 4418 6434 5891 
	6400 5438 6000 5886 5788 6512 
	frame_0..17 # frame  3

	41 0 6000 5600 6000 6380 5600 
	5639 6140 6000 4418 6434 5891 
	6400 5670 6000 5886 5788 6512 
	frame_0..17 # frame  4

	41 0 6000 5600 6000 6380 5600 
	5712 6140 6000 4418 6434 5891 
	6400 5901 6000 5886 5788 6512 
	frame_0..17 # frame  5

	41 0 6000 5600 6000 6380 5600 
	5786 6120 6000 4418 6434 5891 
	6400 6114 6000 5886 5788 6512 
	frame_0..17 # frame  6

	41 0 6000 5600 6000 6380 5600 
	5855 6055 6000 4418 6434 5891 
	6400 6290 6000 5886 5788 6512 
	frame_0..17 # frame  7

	41 0 6000 5600 6000 6380 5600 
	5916 6012 6000 4418 6434 5891 
	6400 6409 6000 5886 5788 6512 
	frame_0..17 # frame  8

	41 0 6000 5600 6000 6380 5600 
	5965 5996 6000 4418 6434 5891 
	6400 6453 6000 5886 5788 6512 
	frame_0..17 # frame  9

	41 0 6000 5600 6000 6380 5600 
	6006 6000 6000 4418 6434 5891 
	6400 6453 6000 5886 5788 6512 
	frame_0..17 # frame  10

	41 0 6000 5600 6000 6380 5600 
	6046 6010 6000 4418 6434 5891 
	6400 6453 6000 5886 5788 6512 
	frame_0..17 # frame  11

	41 0 6000 5600 6000 6380 5600 
	6085 6027 6000 4418 6434 5891 
	6400 6453 6000 5886 5788 6512 
	frame_0..17 # frame  12

	41 0 6000 5600 6000 6380 5600 
	6121 6046 6000 4418 6434 5891 
	6400 6453 6000 5886 5788 6512 
	frame_0..17 # frame  13

	41 0 6000 5600 6000 6380 5600 
	6154 6068 6000 4418 6434 5891 
	6400 6453 6000 5886 5788 6512 
	frame_0..17 # frame  14

	41 0 6000 5600 6000 6380 5600 
	6182 6089 6000 4418 6434 5891 
	6400 6453 6000 5886 5788 6512 
	frame_0..17 # frame  15

	41 0 6000 5600 6000 6380 5600 
	6206 6108 6000 4418 6434 5891 
	6400 6453 6000 5886 5788 6512 
	frame_0..17 # frame  16

	41 0 6000 5600 6000 6380 5600 
	6224 6125 6000 4418 6434 5891 
	6400 6453 6000 5886 5788 6512 
	frame_0..17 # frame  17

	41 0 6000 5600 6000 6380 5600 
	6236 6135 6000 4418 6434 5891 
	6400 6453 6000 5886 5788 6512 
	frame_0..17 # frame  18

	41 0 6000 5600 6000 6380 5600 
	6240 6140 6000 4418 6434 5891 
	6400 6453 6000 5886 5788 6512 
	frame_0..17 # frame  19

	41 0 6000 5600 6000 6380 5600 
	6240 6140 6000 4418 6434 5891 
	6400 6453 6000 5886 5788 6512 
	frame_0..17 # frame  20

	41 0 6000 5600 6000 6380 5600 
	6240 6140 6000 4418 6434 5891 
	6400 6453 6000 5886 5788 6512 
	frame_0..17 # frame  21

	41 0 6000 5600 6000 6380 5600 
	6240 6140 6000 4418 6434 5891 
	6400 6453 6000 5886 5788 6512 
	frame_0..17 # frame  22

	41 0 6000 5600 6000 6380 5600 
	6240 6140 6000 4418 6434 5891 
	6400 6453 6000 5886 5788 6512 
	frame_0..17 # frame  23

	41 0 6000 5600 6000 6380 5600 
	6240 6140 6000 4418 6434 5891 
	6400 6453 6000 5886 5788 6512 
	frame_0..17 # frame  24

	41 0 6000 5600 6000 6380 5600 
	6240 6140 6000 4418 6434 5891 
	6400 6453 6000 5886 5788 6512 
	frame_0..17 # frame  25

	41 0 6000 5600 6000 6380 5600 
	6240 6140 6000 4418 6434 5891 
	6400 6453 6000 5886 5788 6512 
	frame_0..17 # frame  26

	41 0 6000 5600 6000 6380 5600 
	6240 6140 6000 4418 6434 5891 
	6400 6453 6000 5886 5788 6512 
	frame_0..17 # frame  27

	41 0 6000 5600 6000 6380 5600 
	6240 6140 6000 4418 6434 5891 
	6400 6453 6000 5886 5788 6512 
	frame_0..17 # frame  28

	41 0 6000 5600 6000 6380 5600 
	6240 6140 6000 4418 6434 5891 
	6400 6453 6000 5886 5788 6512 
	frame_0..17 # frame  29

	41 0 6000 5600 6000 6380 5600 
	6240 6140 6000 4418 6434 5891 
	6400 6453 6000 5886 5788 6512 
	frame_0..17 # frame  30

	41 0 6000 5600 6000 6380 5600 
	6240 6140 6000 4418 6434 5891 
	6400 6453 6000 5886 5788 6512 
	frame_0..17 # frame  31

	41 0 6000 5600 6000 6380 5600 
	6240 6140 6000 4418 6434 5891 
	6400 6453 6000 5886 5788 6512 
	frame_0..17 # frame  32

	41 0 6000 5600 6000 6380 5600 
	6240 6140 6000 4418 6434 5891 
	6400 6453 6000 5886 5788 6512 
	frame_0..17 # frame  33

	41 0 6000 5600 6000 6380 5600 
	6240 6140 6000 4418 6434 5891 
	6400 6453 6000 5886 5788 6512 
	frame_0..17 # frame  34

	41 0 6000 5600 6000 6380 5600 
	6240 6140 6000 4418 6434 5891 
	6400 6453 6000 5886 5788 6512 
	frame_0..17 # frame  35

	41 0 6000 5600 6000 6380 5600 
	6240 6140 6000 4418 6434 5891 
	6400 6453 6000 5886 5788 6512 
	frame_0..17 # frame  36

	41 0 6000 5600 6000 6380 5600 
	6240 6140 6000 4418 6434 5891 
	6400 6453 6000 5886 5788 6512 
	frame_0..17 # frame  37

	41 0 6000 5600 6000 6380 5600 
	6240 6140 6000 4418 6434 5891 
	6400 6453 6000 5886 5788 6512 
	frame_0..17 # frame  38

	41 0 6000 5600 6000 6380 5600 
	6240 6140 6000 4418 6434 5891 
	6400 6453 6000 5886 5788 6512 
	frame_0..17 # frame  39

	41 0 6000 5600 6000 6380 5600 
	6240 6140 6000 4418 6434 5891 
	6400 6453 6000 5886 5788 6512 
	frame_0..17 # frame  40

	41 0 6000 5600 6000 6380 5600 
	6240 6140 6000 4418 6434 5891 
	6400 6453 6000 5886 5788 6512 
	frame_0..17 # frame  41

	41 0 6000 5600 6000 6380 5600 
	6240 6140 6000 4418 6434 5891 
	6400 6453 6000 5886 5788 6512 
	frame_0..17 # frame  42

	41 0 6000 5600 6000 6380 5600 
	6240 6140 6000 4418 6434 5891 
	6400 6453 6000 5886 5788 6512 
	frame_0..17 # frame  43

	41 0 6000 5600 6000 6380 5600 
	6240 6140 6000 4418 6434 5891 
	6400 6453 6000 5886 5788 6512 
	frame_0..17 # frame  44

	41 0 6000 5600 6000 6380 5600 
	6240 6140 6000 4418 6434 5891 
	6400 6453 6000 5886 5788 6512 
	frame_0..17 # frame  45

	41 0 6000 5600 6000 6380 5600 
	6240 6140 6000 4418 6434 5891 
	6400 6453 6000 5886 5788 6512 
	frame_0..17 # frame  46

	41 0 6000 5600 6000 6380 5600 
	6240 6140 6000 4418 6434 5891 
	6400 6453 6000 5886 5788 6512 
	frame_0..17 # frame  47

	41 0 6000 5600 6000 6380 5600 
	6240 6140 6000 4418 6434 5891 
	6400 6453 6000 5886 5788 6512 
	frame_0..17 # frame  48

	41 0 6000 5600 6000 6380 5600 
	6240 6140 6000 4418 6434 5891 
	6400 6453 6000 5886 5788 6512 
	frame_0..17 # frame  49

	41 0 6000 5600 6000 6380 5600 
	6240 6140 6000 4418 6434 5891 
	6400 6453 6000 5886 5788 6512 
	frame_0..17 # frame  50

	41 0 6000 5600 6000 6380 5600 
	6240 6140 6000 4418 6434 5891 
	6400 6453 6000 5886 5788 6512 
	frame_0..17 # frame  51

	41 0 6000 5600 6000 6380 5600 
	6240 6140 6000 4418 6434 5891 
	6400 6453 6000 5886 5788 6512 
	frame_0..17 # frame  52

	41 0 6000 5600 6000 6380 5600 
	6240 6140 6000 4418 6434 5891 
	6400 6453 6000 5886 5788 6512 
	frame_0..17 # frame  53

	41 0 6000 5600 6000 6380 5600 
	6240 6140 6000 4418 6434 5891 
	6400 6453 6000 5886 5788 6512 
	frame_0..17 # frame  54

	41 0 6000 5600 6000 6380 5600 
	6240 6140 6000 4418 6434 5891 
	6400 6453 6000 5886 5788 6512 
	frame_0..17 # frame  55

	41 0 6000 5600 6000 6380 5600 
	6240 6140 6000 4418 6434 5891 
	6400 6453 6000 5886 5788 6512 
	frame_0..17 # frame  56

	41 0 6000 5600 6000 6380 5600 
	6240 6140 6000 4418 6434 5891 
	6400 6453 6000 5886 5788 6512 
	frame_0..17 # frame  57

	41 0 6000 5600 6000 6380 5600 
	6240 6140 6000 4418 6434 5891 
	6400 6453 6000 5886 5788 6512 
	frame_0..17 # frame  58

	41 0 6000 5600 6000 6380 5600 
	6240 6140 6000 4418 6434 5891 
	6400 6453 6000 5886 5788 6512 
	frame_0..17 # frame  59

	41 0 6000 5600 6000 6380 5600 
	6236 6135 6000 4418 6434 5891 
	6400 6453 6000 5886 5788 6512 
	frame_0..17 # frame  60

	41 0 6000 5600 6000 6380 5600 
	6224 6125 6000 4418 6434 5891 
	6400 6453 6000 5886 5788 6512 
	frame_0..17 # frame  61

	41 0 6000 5600 6000 6380 5600 
	6206 6108 6000 4418 6434 5891 
	6400 6453 6000 5886 5788 6512 
	frame_0..17 # frame  62

	41 0 6000 5600 6000 6380 5600 
	6182 6089 6000 4418 6434 5891 
	6400 6453 6000 5886 5788 6512 
	frame_0..17 # frame  63

	41 0 6000 5600 6000 6380 5600 
	6154 6068 6000 4418 6434 5891 
	6400 6453 6000 5886 5788 6512 
	frame_0..17 # frame  64

	41 0 6000 5600 6000 6380 5600 
	6121 6046 6000 4418 6434 5891 
	6400 6453 6000 5886 5788 6512 
	frame_0..17 # frame  65

	41 0 6000 5600 6000 6380 5600 
	6085 6027 6000 4418 6434 5891 
	6400 6453 6000 5886 5788 6512 
	frame_0..17 # frame  66

	41 0 6000 5600 6000 6380 5600 
	6046 6010 6000 4418 6434 5891 
	6400 6453 6000 5886 5788 6512 
	frame_0..17 # frame  67

	41 0 6000 5600 6000 6380 5600 
	6006 6000 6000 4418 6434 5891 
	6400 6453 6000 5886 5788 6512 
	frame_0..17 # frame  68

	41 0 6000 5600 6000 6380 5600 
	5965 5996 6000 4418 6434 5891 
	6400 6453 6000 5886 5788 6512 
	frame_0..17 # frame  69

	41 0 6000 5600 6000 6380 5600 
	5916 6012 6000 4418 6434 5891 
	6400 6453 6000 5886 5788 6512 
	frame_0..17 # frame  70

	41 0 6000 5600 6000 6380 5600 
	5855 6055 6000 4418 6434 5891 
	6400 6453 6000 5886 5788 6512 
	frame_0..17 # frame  71

	41 0 6000 5600 6000 6380 5600 
	5786 6120 6000 4418 6434 5891 
	6400 6453 6000 5886 5788 6512 
	frame_0..17 # frame  72

	41 0 6000 5600 6000 6380 5600 
	5712 6140 6000 4418 6434 5891 
	6400 6453 6000 5886 5788 6512 
	frame_0..17 # frame  73

	41 0 6000 5600 6000 6380 5600 
	5639 6140 6000 4418 6434 5891 
	6400 6453 6000 5886 5788 6512 
	frame_0..17 # frame  74

	41 0 6000 5600 6000 6380 5600 
	5569 5909 6000 4418 6434 5891 
	6400 6453 6000 5886 5788 6512 
	frame_0..17 # frame  75

	41 0 6000 5600 6000 6380 5600 
	5508 5696 6000 4418 6434 5891 
	6400 6453 6000 5886 5788 6512 
	frame_0..17 # frame  76

	41 0 6000 5600 6000 6380 5600 
	5459 5522 6000 4418 6434 5891 
	6400 6453 6000 5886 5788 6512 
	frame_0..17 # frame  77

	41 0 6000 5600 6000 6380 5600 
	5427 5403 6000 4418 6434 5891 
	6400 6453 6000 5886 5788 6512 
	frame_0..17 # frame  78

	41 0 6000 5600 6000 6380 5600 
	5416 5360 6000 4418 6434 5891 
	6400 6453 6000 5886 5788 6512 
	frame_0..17 # frame  79

	41 0 6000 5600 6000 6380 5600 
	5416 5360 6000 4418 6434 5891 
	6400 6453 6000 5886 5788 6512 
	frame_0..17 # frame  80

	41 0 6000 5600 6000 6380 5600 
	5416 5360 6000 4418 6434 5891 
	6400 6453 6000 5886 5788 6512 
	frame_0..17 # frame  81

	41 0 6000 5600 6000 6380 5600 
	5416 5360 6000 4418 6434 5891 
	6400 6453 6000 5886 5788 6512 
	frame_0..17 # frame  82

	41 0 6000 5600 6000 6380 5600 
	5416 5360 6000 4418 6434 5891 
	6400 6453 6000 5886 5788 6512 
	frame_0..17 # frame  83

	41 0 6000 5600 6000 6380 5600 
	5416 5360 6000 4418 6434 5891 
	6400 6453 6000 5886 5788 6512 
	frame_0..17 # frame  84

	41 0 6000 5600 6000 6380 5600 
	5416 5360 6000 4418 6434 5891 
	6400 6453 6000 5886 5788 6512 
	frame_0..17 # frame  85

	41 0 6000 5600 6000 6380 5600 
	5416 5360 6000 4418 6434 5891 
	6400 6453 6000 5886 5788 6512 
	frame_0..17 # frame  86

	41 0 6000 5600 6000 6380 5600 
	5416 5360 6000 4418 6434 5891 
	6400 6453 6000 5886 5788 6512 
	frame_0..17 # frame  87

	41 0 6000 5600 6000 6380 5600 
	5416 5360 6000 4418 6434 5891 
	6400 6453 6000 5886 5788 6512 
	frame_0..17 # frame  88

	41 0 6000 5600 6000 6380 5600 
	5416 5360 6000 4418 6434 5891 
	6400 6453 6000 5886 5788 6512 
	frame_0..17 # frame  89

	41 0 6000 5600 6000 6380 5600 
	5416 5360 6000 4418 6434 5891 
	6400 6453 6000 5886 5788 6512 
	frame_0..17 # frame  90

	41 0 6000 5600 6000 6380 5600 
	5416 5360 6000 4418 6434 5891 
	6400 6453 6000 5886 5788 6512 
	frame_0..17 # frame  91

	41 0 6000 5600 6000 6380 5600 
	5416 5360 6000 4418 6434 5891 
	6400 6453 6000 5886 5788 6512 
	frame_0..17 # frame  92

	41 0 6000 5600 6000 6380 5600 
	5416 5360 6000 4418 6434 5891 
	6400 6453 6000 5886 5788 6512 
	frame_0..17 # frame  93

	41 0 6000 5600 6000 6380 5600 
	5416 5360 6000 4418 6434 5891 
	6400 6453 6000 5886 5788 6512 
	frame_0..17 # frame  94

	41 0 6000 5600 6000 6380 5600 
	5416 5360 6000 4418 6434 5891 
	6400 6453 6000 5886 5788 6512 
	frame_0..17 # frame  95

	41 0 6000 5600 6000 6380 5600 
	5416 5360 6000 4418 6434 5891 
	6400 6453 6000 5886 5788 6512 
	frame_0..17 # frame  96

	41 0 6000 5600 6000 6380 5600 
	5416 5360 6000 4418 6434 5891 
	6400 6453 6000 5886 5788 6512 
	frame_0..17 # frame  97

	41 0 6000 5600 6000 6380 5600 
	5416 5360 6000 4418 6434 5891 
	6400 6453 6000 5886 5788 6512 
	frame_0..17 # frame  98

	41 0 6000 5600 6000 6380 5600 
	5416 5360 6000 4418 6434 5891 
	6400 6453 6000 5886 5788 6512 
	frame_0..17 # frame  99

	41 0 6000 5600 6000 6380 5600 
	5416 5360 6000 4418 6434 5891 
	6400 6452 6000 5886 5788 6512 
	frame_0..17 # frame  100

	41 0 6000 5600 6000 6380 5600 
	5416 5360 6000 4418 6434 5891 
	6400 6450 6000 5886 5788 6512 
	frame_0..17 # frame  101

	41 0 6000 5600 6000 6380 5600 
	5416 5360 6000 4418 6434 5891 
	6400 6445 6000 5886 5788 6512 
	frame_0..17 # frame  102

	41 0 6000 5600 6000 6380 5600 
	5416 5360 6000 4418 6434 5891 
	6400 6436 6000 5886 5788 6512 
	frame_0..17 # frame  103

	41 0 6000 5600 6000 6380 5600 
	5416 5360 6000 4418 6434 5891 
	6400 6420 6000 5886 5788 6512 
	frame_0..17 # frame  104

	41 0 6000 5600 6000 6380 5600 
	5416 5360 6000 4418 6434 5891 
	6400 6396 6000 5886 5788 6512 
	frame_0..17 # frame  105

	41 0 6000 5600 6000 6380 5600 
	5416 5360 6000 4418 6434 5891 
	6400 6363 6000 5886 5788 6512 
	frame_0..17 # frame  106

	41 0 6000 5600 6000 6380 5600 
	5416 5360 6000 4418 6434 5891 
	6400 6319 6000 5886 5788 6512 
	frame_0..17 # frame  107

	41 0 6000 5600 6000 6380 5600 
	5416 5360 6000 4418 6434 5891 
	6400 6262 6000 5886 5788 6512 
	frame_0..17 # frame  108

	41 0 6000 5600 6000 6380 5600 
	5416 5360 6000 4418 6434 5891 
	6400 6192 6000 5886 5788 6512 
	frame_0..17 # frame  109

	41 0 6000 5600 6000 6380 5600 
	5416 5360 6000 4418 6434 5891 
	6400 6092 6000 5886 5788 6512 
	frame_0..17 # frame  110

	41 0 6000 5600 6000 6380 5600 
	5416 5360 6000 4418 6434 5891 
	6400 5956 6000 5886 5788 6512 
	frame_0..17 # frame  111

	41 0 6000 5600 6000 6380 5600 
	5416 5360 6000 4418 6434 5891 
	6400 5795 6000 5886 5788 6512 
	frame_0..17 # frame  112

	41 0 6000 5600 6000 6380 5600 
	5416 5360 6000 4418 6434 5891 
	6400 5619 6000 5886 5788 6512 
	frame_0..17 # frame  113

	41 0 6000 5600 6000 6380 5600 
	5416 5360 6000 4418 6434 5891 
	6400 5441 6000 5886 5788 6512 
	frame_0..17 # frame  114

	41 0 6000 5600 6000 6380 5600 
	5416 5360 6000 4418 6434 5891 
	6400 5271 6000 5886 5788 6512 
	frame_0..17 # frame  115

	41 0 6000 5600 6000 6380 5600 
	5416 5360 6000 4418 6434 5891 
	6400 5119 6000 5886 5788 6512 
	frame_0..17 # frame  116

	41 0 6000 5600 6000 6380 5600 
	5416 5360 6000 4418 6434 5891 
	6400 4997 6000 5886 5788 6512 
	frame_0..17 # frame  117

	41 0 6000 5600 6000 6380 5600 
	5416 5360 6000 4418 6434 5891 
	6400 4916 6000 5886 5788 6512 
	frame_0..17 # frame  118

	41 0 6000 5600 6000 6380 5600 
	5416 5360 6000 4418 6434 5891 
	6400 4887 6000 5886 5788 6512 
	frame_0..17 # frame  119
return


sub frame_0..23
	23 servo
	22 servo
	21 servo
	20 servo
	19 servo
	18 servo
	17 servo
	16 servo
	15 servo
	14 servo
	13 servo
	12 servo
	11 servo
	10 servo
	9 servo
	8 servo
	7 servo
	6 servo
	5 servo
	4 servo
	3 servo
	2 servo
	1 servo
	0 servo
	delay
	return

sub frame_0..17
	17 servo
	16 servo
	15 servo
	14 servo
	13 servo
	12 servo
	11 servo
	10 servo
	9 servo
	8 servo
	7 servo
	6 servo
	5 servo
	4 servo
	3 servo
	2 servo
	1 servo
	0 servo
	delay
	return